d(0,1,0,122,122,)
s(0,1,0,122,122,1,0,)
s(0,1,0,122,122,1,11,)
s(0,1,0,122,122,1,1,)
s(0,1,0,122,122,1,10,)
s(0,1,0,122,122,1,2,)
s(0,1,0,122,122,1,9,)
s(0,1,0,122,122,1,3,)
s(0,1,0,122,122,1,8,)
s(0,1,0,122,122,1,4,)
s(0,1,0,122,122,1,7,)
s(0,1,0,122,122,1,5,)
s(0,1,0,122,122,1,6,)
s(0,1,0,122,122,2,100,)
s(0,1,0,122,122,2,111,)
s(0,1,0,122,122,2,101,)
s(0,1,0,122,122,2,110,)
s(0,1,0,122,122,2,102,)
s(0,1,0,122,122,2,109,)
s(0,1,0,122,122,2,103,)
s(0,1,0,122,122,2,108,)
s(0,1,0,122,122,2,104,)
s(0,1,0,122,122,2,107,)
s(0,1,0,122,122,2,105,)
s(0,1,0,122,122,2,106,)
s(0,1,0,122,122,3,200,)
s(0,1,0,122,122,3,211,)
s(0,1,0,122,122,3,201,)
s(0,1,0,122,122,3,210,)
s(0,1,0,122,122,3,202,)
s(0,1,0,122,122,3,209,)
s(0,1,0,122,122,3,203,)
s(0,1,0,122,122,3,208,)
s(0,1,0,122,122,3,204,)
s(0,1,0,122,122,3,207,)
s(0,1,0,122,122,3,205,)
s(0,1,0,122,122,3,206,)
s(0,1,0,122,122,4,300,)
s(0,1,0,122,122,4,311,)
s(0,1,0,122,122,4,301,)
s(0,1,0,122,122,4,310,)
s(0,1,0,122,122,4,302,)
s(0,1,0,122,122,4,309,)
s(0,1,0,122,122,4,303,)
s(0,1,0,122,122,4,308,)
s(0,1,0,122,122,4,304,)
s(0,1,0,122,122,4,307,)
s(0,1,0,122,122,4,305,)
s(0,1,0,122,122,4,306,)
d(0,1,0,22,22,)
s(0,1,0,22,22,1,0,)
s(0,1,0,22,22,1,11,)
s(0,1,0,22,22,1,1,)
s(0,1,0,22,22,1,10,)
s(0,1,0,22,22,1,2,)
s(0,1,0,22,22,1,9,)
s(0,1,0,22,22,1,3,)
s(0,1,0,22,22,1,8,)
s(0,1,0,22,22,1,4,)
s(0,1,0,22,22,1,7,)
s(0,1,0,22,22,1,5,)
s(0,1,0,22,22,1,6,)
s(0,1,0,22,22,2,100,)
s(0,1,0,22,22,2,111,)
s(0,1,0,22,22,2,101,)
s(0,1,0,22,22,2,110,)
s(0,1,0,22,22,2,102,)
s(0,1,0,22,22,2,109,)
s(0,1,0,22,22,2,103,)
s(0,1,0,22,22,2,108,)
s(0,1,0,22,22,2,104,)
s(0,1,0,22,22,2,107,)
s(0,1,0,22,22,2,105,)
s(0,1,0,22,22,2,106,)
s(0,1,0,22,22,3,200,)
s(0,1,0,22,22,3,211,)
s(0,1,0,22,22,3,201,)
s(0,1,0,22,22,3,210,)
s(0,1,0,22,22,3,202,)
s(0,1,0,22,22,3,209,)
s(0,1,0,22,22,3,203,)
s(0,1,0,22,22,3,208,)
s(0,1,0,22,22,3,204,)
s(0,1,0,22,22,3,207,)
s(0,1,0,22,22,3,205,)
s(0,1,0,22,22,3,206,)
s(0,1,0,22,22,4,300,)
s(0,1,0,22,22,4,311,)
s(0,1,0,22,22,4,301,)
s(0,1,0,22,22,4,310,)
s(0,1,0,22,22,4,302,)
s(0,1,0,22,22,4,309,)
s(0,1,0,22,22,4,303,)
s(0,1,0,22,22,4,308,)
s(0,1,0,22,22,4,304,)
s(0,1,0,22,22,4,307,)
s(0,1,0,22,22,4,305,)
s(0,1,0,22,22,4,306,)
d(0,1,1,116,1,)
s(0,1,1,116,1,1,0,)
s(0,1,1,116,1,1,11,)
s(0,1,1,116,1,1,1,)
s(0,1,1,116,1,1,10,)
s(0,1,1,116,1,1,2,)
s(0,1,1,116,1,1,9,)
s(0,1,1,116,1,1,3,)
s(0,1,1,116,1,1,8,)
s(0,1,1,116,1,1,4,)
s(0,1,1,116,1,1,7,)
s(0,1,1,116,1,1,5,)
s(0,1,1,116,1,1,6,)
s(0,1,1,116,1,2,100,)
s(0,1,1,116,1,2,111,)
s(0,1,1,116,1,2,101,)
s(0,1,1,116,1,2,110,)
s(0,1,1,116,1,2,102,)
s(0,1,1,116,1,2,109,)
s(0,1,1,116,1,2,103,)
s(0,1,1,116,1,2,108,)
s(0,1,1,116,1,2,104,)
s(0,1,1,116,1,2,107,)
s(0,1,1,116,1,2,105,)
s(0,1,1,116,1,2,106,)
s(0,1,1,116,1,3,200,)
s(0,1,1,116,1,3,211,)
s(0,1,1,116,1,3,201,)
s(0,1,1,116,1,3,210,)
s(0,1,1,116,1,3,202,)
s(0,1,1,116,1,3,209,)
s(0,1,1,116,1,3,203,)
s(0,1,1,116,1,3,208,)
s(0,1,1,116,1,3,204,)
s(0,1,1,116,1,3,207,)
s(0,1,1,116,1,3,205,)
s(0,1,1,116,1,3,206,)
s(0,1,1,116,1,4,300,)
s(0,1,1,116,1,4,311,)
s(0,1,1,116,1,4,301,)
s(0,1,1,116,1,4,310,)
s(0,1,1,116,1,4,302,)
s(0,1,1,116,1,4,309,)
s(0,1,1,116,1,4,303,)
s(0,1,1,116,1,4,308,)
s(0,1,1,116,1,4,304,)
s(0,1,1,116,1,4,307,)
s(0,1,1,116,1,4,305,)
s(0,1,1,116,1,4,306,)
d(0,2,1,16,1,)
s(0,2,1,16,1,1,0,)
s(0,2,1,16,1,1,11,)
s(0,2,1,16,1,1,1,)
s(0,2,1,16,1,1,10,)
s(0,2,1,16,1,1,2,)
s(0,2,1,16,1,1,9,)
s(0,2,1,16,1,1,3,)
s(0,2,1,16,1,1,8,)
s(0,2,1,16,1,1,4,)
s(0,2,1,16,1,1,7,)
s(0,2,1,16,1,1,5,)
s(0,2,1,16,1,1,6,)
s(0,2,1,16,1,2,100,)
s(0,2,1,16,1,2,111,)
s(0,2,1,16,1,2,101,)
s(0,2,1,16,1,2,110,)
s(0,2,1,16,1,2,102,)
s(0,2,1,16,1,2,109,)
s(0,2,1,16,1,2,103,)
s(0,2,1,16,1,2,108,)
s(0,2,1,16,1,2,104,)
s(0,2,1,16,1,2,107,)
s(0,2,1,16,1,2,105,)
s(0,2,1,16,1,2,106,)
s(0,2,1,16,1,3,200,)
s(0,2,1,16,1,3,211,)
s(0,2,1,16,1,3,201,)
s(0,2,1,16,1,3,210,)
s(0,2,1,16,1,3,202,)
s(0,2,1,16,1,3,209,)
s(0,2,1,16,1,3,203,)
s(0,2,1,16,1,3,208,)
s(0,2,1,16,1,3,204,)
s(0,2,1,16,1,3,207,)
s(0,2,1,16,1,3,205,)
s(0,2,1,16,1,3,206,)
s(0,2,1,16,1,4,300,)
s(0,2,1,16,1,4,311,)
s(0,2,1,16,1,4,301,)
s(0,2,1,16,1,4,310,)
s(0,2,1,16,1,4,302,)
s(0,2,1,16,1,4,309,)
s(0,2,1,16,1,4,303,)
s(0,2,1,16,1,4,308,)
s(0,2,1,16,1,4,304,)
s(0,2,1,16,1,4,307,)
s(0,2,1,16,1,4,305,)
s(0,2,1,16,1,4,306,)
